142.258065
206.074766
422.009569
886.432161
773.684211
324.264706
247.058824
870.394737
210.000000
630.000000
3266.66666
219.402985
222.352941
222.352941
305.719237
216.974170
219.039735
890.909091
219.247159
217.241379
218.858561
218.858561
218.858561
219.676214
220.914214
219.767442
219.247159
219.247159
219.676214
219.402985
217.957166
219.184891
219.184891
219.402985
219.402985
219.402985
219.950125
219.950125
218.858561
219.039735
219.039735
219.402985
219.402985
219.950125
218.858561
219.402985
219.676214
219.676214
219.402985
219.221210
219.402985
220.500000
220.500000
219.767442
220.500000
220.133111
220.500000
220.500000
218.750000
218.750000
219.130435
219.402985
219.402985
219.402985
219.091554
219.950125
219.559033
219.559033
218.750000
219.402985
218.587361
219.221210
219.221210
218.046972
218.046972
219.767442
218.316832
218.316832
218.316832
219.402985
218.858561
218.046972
218.046972
219.402985
219.130435
218.316832
219.039735
219.039735
221.237458
221.608040
218.100890
219.402985
219.402985
220.500000
217.885375
217.885375
219.950125
219.950125
219.402985
220.868114
218.533201
220.224719
220.224719
219.950125
218.750000
217.957166
222.727273
222.727273
219.402985
218.750000
219.767442
219.039735
219.039735
220.133111
218.316832
218.858561
219.039735
219.039735
218.677686
219.950125
220.500000
218.858561
218.858561
219.585062
220.133111
218.858561
218.750000
218.750000
219.676214
219.402985
220.133111
220.133111
220.133111
218.677686
219.676214
219.767442
219.767442
219.767442
220.133111
219.402985
218.677686
219.402985
219.402985
219.950125
220.500000
218.677686
219.840479
219.840479
220.059880
220.500000
217.455621
225.864277
225.864277
218.316832
218.316832
218.316832
214.772727
214.772727
214.772727
221.886792
221.886792
221.886792
700.000000
213.043478
220.683903
219.402985
220.279720
220.279720
219.767442
219.676214
219.621514
219.184891
219.184891
219.130435
219.402985
219.402985
218.677686
218.677686
220.133111
220.059880
219.767442
219.950125
219.950125
219.950125
220.500000
219.950125
220.868114
220.868114
221.052632
220.500000
219.950125
220.500000
220.500000
220.500000
220.133111
219.767442
221.608040
221.608040
218.677686
219.621514
219.039735
219.767442
219.767442
216.176471
218.100890
218.316832
217.957166
217.957166
217.241379
216.176471
217.027559
216.707617
216.707617
216.707617
216.707617
218.316832
218.316832
218.316832
252.000000
252.963671
252.963671
254.913295
254.913295
258.398438
260.330579
255.652174
255.652174
255.652174
257.894737
256.893204
256.893204
259.030837
259.030837
259.030837
259.030837
259.030837
259.030837
258.651026
257.593458
258.651026
258.651026
258.196721
258.398438
258.398438
257.894737
257.894737
257.894737
257.894737
257.894737
258.802817
258.904110
257.894737
257.894737
258.272328
260.561300
260.561300
257.894737
257.894737
256.097561
256.097561
257.894737
258.651026
258.651026
258.651026
258.651026
257.292882
258.499414
258.499414
258.499414
711.290323
673.282443
660.179641
257.894737
679.623288
679.768786
676.380368
691.463415
691.463415
683.720930
683.720930
683.720930
673.282443
673.282443
653.333333
653.333333
653.333333
692.670157
692.670157
257.518248
257.142857
257.392996
676.726343
670.439189
256.644035
418.505338
683.720930
256.893204
258.272328
761.987041
766.216216
764.298094
711.290323
711.290323
695.583596
695.583596
695.583596
711.290323
711.290323
770.679612
770.679612
770.679612
715.135135
715.135135
259.157689
777.403846
257.392996
258.802817
258.802817
783.303730
788.908766
788.908766
258.651026
259.411765
259.411765
258.326360
258.196721
258.651026
259.411765
259.411765
258.651026
261.462451
256.693830
258.904110
258.904110
259.106933
259.030837
260.023585
258.802817
258.802817
258.802817
258.802817
258.802817
261.565836
261.565836
258.802817
258.272328
694.985673
663.157895
663.157895
681.607419
661.500000
693.396226
693.396226
701.590909
671.573604
652.366864
654.302671
654.302671
654.302671
654.302671
705.600000
705.600000
705.600000
719.021739
719.021739
711.290323
257.142857
256.395349
256.395349
255.800464
780.530973
258.083394
255.467053
253.205742
253.205742
253.205742
689.062500
784.000000
675.000000
684.782609
694.488189
694.488189
694.488189
256.768559
700.000000
256.608479
413.806971
912.413793
257.894737
250.568182
646.153846
364.462810
1297.05882
314.481624
317.551755
316.355811
320.727273
320.727273
308.032596
306.250000
308.122271
310.017575
310.017575
310.199297
310.199297
310.199297
320.597738
320.597738
315.250199
288.612565
307.317073
310.563380
310.563380
310.563380
310.563380
308.751459
308.751459
308.700000
309.112150
309.256662
309.473684
309.473684
311.660777
311.660777
308.931699
310.961538
310.961538
310.563380
310.563380
310.017575
312.564433
312.564433
312.564433
310.563380
310.563380
309.745391
309.745391
309.745391
310.017575
309.473684
311.001410
311.001410
310.563380
306.675939
310.762332
309.473684
309.473684
307.960894
307.960894
317.723343
318.411552
318.411552
310.806578
309.939759
309.939759
309.939759
309.939759
310.563380
310.126582
310.126582
310.199297
310.199297
310.199297
310.199297
309.009009
309.009009
309.009009
309.009009
309.009009
308.391608
321.428571
312.765957
308.931699
303.301238
308.823529
308.823529
308.823529
317.837838
317.837838
311.294118
311.294118
311.294118
311.936340
310.563380
310.563380
310.563380
319.234747
319.234747
316.129032
317.837838
317.837838
317.058824
315.000000
316.438356
311.440678
311.440678
317.774219
315.000000
315.346535
315.000000
315.000000
315.805627
315.225161
315.000000
317.076093
317.076093
314.136986
315.676450
315.601145
313.879004
313.879004
306.675939
318.411552
311.503532
311.503532
311.503532
314.654226
317.837838
316.129032
317.889908
317.889908
315.967247
320.338983
307.531381
311.189516
311.189516
310.320563
312.273800
309.836066
319.179735
319.179735
306.858847
310.199297
310.806578
310.563380
310.563380
317.551755
312.765957
316.615385
313.600000
313.600000
310.928320
313.210227
310.199297
313.879004
313.879004
311.001410
310.928320
311.385702
310.017575
310.017575
310.290237
311.294118
315.450644
310.806578
310.806578
300.408719
312.765957
311.936340
313.754941
313.754941
311.660777
312.273800
311.294118
318.795181
318.795181
316.412556
316.412556
316.254980
316.254980
316.254980
312.212389
311.936340
323.924449
312.273800
312.273800
311.538462
317.551755
312.322946
311.660777
311.660777
324.861878
311.220889
315.644172
312.449393
312.449393
312.028302
311.161001
319.565217
312.028302
312.028302
313.043478
312.987935
310.928320
312.212389
312.212389
312.212389
318.411552
311.294118
311.936340
311.936340
312.028302
311.783189
312.028302
311.881188
311.881188
311.881188
311.660777
307.317073
312.212389
312.212389
311.385702
310.563380
311.440678
311.189516
311.189516
300.000000
311.660777
307.674419
322.682927
322.682927
322.682927
356.219709
356.219709
356.219709
357.567568
391.420118
369.346734
369.346734
360.000000
369.209302
367.806505
365.975104
365.975104
367.063020
365.469613
362.465753
362.962963
362.962963
365.595855
364.462810
364.462810
364.462810
364.462810
368.729097
369.700599
370.069930
368.337130
368.337130
367.194005
365.469613
367.500000
371.629213
371.629213
375.037519
374.181818
375.464396
373.530969
373.530969
374.721190
373.728814
375.091130
374.323607
374.323607
370.827943
374.475524
367.938021
375.319149
375.319149
376.923077
373.276904
372.544879
376.693106
376.693106
373.333333
374.257426
375.852273
373.276904
373.276904
376.463415
376.923077
376.463415
376.355422
376.355422
376.520811
361.475410
376.923077
370.588235
370.588235
377.614679
380.641184
372.756827
366.627078
366.627078
369.553073
369.394330
372.756827
372.999349
372.999349
372.781065
372.676056
373.096447
372.031149
372.031149
370.847933
370.305344
370.588235
370.588235
370.588235
370.588235
367.117586
369.209302
369.394330
369.394330
368.421053
367.883212
367.840593
368.011127
368.011127
368.523677
381.945370
374.081056
368.421053
368.421053
370.277078
376.046512
371.524853
376.923077
376.923077
371.759747
370.242537
370.305344
364.926798
364.926798
376.654804
377.730193
380.172414
377.667984
377.667984
380.470588
374.522293
372.676056
380.172414
380.172414
370.827943
373.728814
367.160037
371.212121
371.212121
368.729097
381.691079
379.083095
374.522293
374.522293
368.866171
369.656329
370.588235
373.026316
373.026316
368.897338
368.866171
369.037657
373.441109
373.441109
368.729097
368.866171
368.866171
368.729097
368.729097
369.394330
368.897338
368.780488
367.840593
367.840593
368.523677
369.295185
371.927711
369.295185
369.295185
369.897484
369.656329
369.870968
369.178082
369.178082
366.583541
373.153846
367.244969
368.011127
368.011127
369.037657
367.500000
374.705882
377.419355
377.419355
369.037657
376.494024
379.899497
377.245509
377.245509
370.069930
368.897338
368.918919
369.459254
369.459254
373.201693
369.295185
368.337130
369.424084
369.424084
366.990291
369.870968
368.780488
375.319149
375.319149
368.780488
369.037657
367.500000
368.780488
368.780488
368.866171
370.899916
369.037657
368.918919
368.918919
369.037657
368.523677
370.022883
369.966443
369.966443
365.217391
373.728814
366.735967
368.652038
368.652038
369.209302
368.918919
369.037657
369.656329
369.656329
369.656329
367.500000
384.732824
384.732824
384.732824
380.172414
366.192171
359.790210
359.790210
359.790210
366.990291
366.735967
366.627078
372.676056
372.676056
365.975104
367.500000
376.046512
374.081056
374.081056
374.081056
363.461538
363.461538
362.465753
362.465753
375.638842
369.811321
376.119403
374.884080
374.884080
365.671642
365.671642
378.360343
367.806505
367.806505
378.865979
377.784123
377.784123
373.201693
373.201693
365.975104
368.011127
384.146341
368.523677
368.523677
368.523677
370.588235
371.368421
364.462810
364.462810
364.462810
364.462810
364.462810
213.043478
2940.0000000
2756.2500000
2940.0000000
2734.8837210
2734.8837210
1890.000000
1746.5346530
2100.000000
288.235294
1586.330935000
239.154013
397.297297
612.500000
395.515695
1202.727273
386.842105
430.944625